1522285734761
1522285734834
1522285734868
1522285734900
1522285734937
1522285734973
1522285735005
1522285735031
1522285735053
1522285735070
1522285735086
1522285735122
1522285735154
1522285735171
1522285735189
1522285735209
1522285735242
1522285735258
1522285735281
1522285735296
1522285735313
1522285735333
1522285735349
1522285735367
1522285735385
1522285735400
1522285735418
1522285735434
1522285735467
1522285735485
1522285735501
1522285735520
1522285735537
1522285735553
1522285735569
1522285735587
1522285735605
1522285735624
1522285735640
1522285735657
1522285735677
1522285735717
1522285735811
1522285735905
1522285736016
1522285736113
1522285736206
1522285736309
1522285736408
1522285736507
