1522285699322
1522285699368
1522285699382
1522285699391
1522285699401
1522285699412
1522285699422
1522285699433
1522285699449
1522285699458
1522285699468
1522285699477
1522285699486
1522285699495
1522285699503
1522285699516
1522285699524
1522285699532
1522285699540
1522285699548
1522285699555
1522285699563
1522285699571
1522285699579
1522285699587
1522285699594
1522285699602
1522285699611
1522285699623
1522285699632
1522285699639
1522285699647
1522285699654
1522285699661
1522285699668
1522285699675
1522285699683
1522285699690
1522285699697
1522285699704
1522285699711
1522285699718
1522285699726
1522285699733
1522285699740
1522285699748
1522285699755
1522285699761
1522285699768
1522285699775
1522285699782
1522285699793
1522285699800
1522285699808
1522285699815
1522285699822
1522285699830
1522285699837
1522285699843
1522285699850
1522285699857
1522285699863
1522285699870
1522285699877
1522285699884
1522285699891
1522285699898
1522285699905
1522285699913
1522285699920
1522285699927
1522285699934
1522285699941
1522285699948
1522285699959
1522285699966
1522285699973
1522285699980
1522285699986
1522285699994
1522285700000
1522285700009
1522285700016
1522285700023
1522285700031
1522285700038
1522285700045
1522285700052
1522285700059
1522285700065
1522285700072
1522285700078
1522285700085
1522285700092
1522285700099
1522285700106
1522285700114
1522285700126
1522285700134
1522285700141
